--------------------EX 1 (distancias)
0 2 1000000 2
2 0 2 7
1000000 2 0 2
2 7 2 0


--------------------EX 2 (pontos)
pontos

5,09 5,80  1,03 2,54  5,90 1,79  
6,00 7,00  2,00 6,00  7,00 8,00  
2,00 2,00  10,00 10,00  2,00 4,00  
2,00 3,00  9,00 1,00  8,00 6,00  
8,00 3,00  6,00 6,00  -1,00 9,00

matriz de distancias desses pontos
0,0	5,2068416530561015	4,090990100208017	1,5060212481900779	3,0964657272445306	2,9134343994674055	4,897764796312702	6,461276963573067	3,5760453017264755	4,169904075635314	6,190969229450264	2,9168647551780666	4,0383288622894495	0,9317188417113825	6,879542135927362	
5,2068416530561015	0,0	4,927413114403946	6,6777616010157175	3,5933967217661897	8,09027193609708	1,1101801655587258	11,666726190324345	1,7528548142958102	1,0735455276791943	8,117419540716126	7,781548689046416	6,985162847063767	6,055782360686354	6,771447408050955	
4,090990100208017	4,927413114403946	0,0	5,21095960452583	5,738823921327436	6,306671071175347	3,905649753882189	9,176824069360817	4,482644308887334	4,083393196840099	3,199077992172119	4,70468915019898	2,4236542657730697	4,211187480984432	9,97968436374618	
1,5060212481900779	6,6777616010157175	5,21095960452583	0,0	4,123105625617661	1,4142135623730951	6,4031242374328485	5,0	5,0	5,656854249492381	6,708203932499369	2,23606797749979	4,47213595499958	1,0	7,280109889280518	
3,0964657272445306	3,5933967217661897	5,738823921327436	4,123105625617661	0,0	5,385164807134504	4,0	8,94427190999916	2,0	3,0	8,602325267042627	6,0	6,708203932499369	4,0	4,242640687119285	
2,9134343994674055	8,09027193609708	6,306671071175347	1,4142135623730951	5,385164807134504	0,0	7,810249675906654	3,605551275463989	6,4031242374328485	7,0710678118654755	7,280109889280518	2,23606797749979	5,0990195135927845	2,23606797749979	8,06225774829855	
4,897764796312702	1,1101801655587258	3,905649753882189	6,4031242374328485	4,0	7,810249675906654	0,0	11,313708498984761	2,0	1,0	7,0710678118654755	7,211102550927978	6,082762530298219	5,656854249492381	7,615773105863909	
6,461276963573067	11,666726190324345	9,176824069360817	5,0	8,94427190999916	3,605551275463989	11,313708498984761	0,0	10,0	10,63014581273465	9,055385138137417	4,47213595499958	7,280109889280518	5,656854249492381	11,045361017187261	
3,5760453017264755	1,7528548142958102	4,482644308887334	5,0	2,0	6,4031242374328485	2,0	10,0	0,0	1,0	7,615773105863909	6,324555320336759	6,082762530298219	4,47213595499958	5,830951894845301	
4,169904075635314	1,0735455276791943	4,083393196840099	5,656854249492381	3,0	7,0710678118654755	1,0	10,63014581273465	1,0	0,0	7,280109889280518	6,708203932499369	6,0	5,0	6,708203932499369	
6,190969229450264	8,117419540716126	3,199077992172119	6,708203932499369	8,602325267042627	7,280109889280518	7,0710678118654755	9,055385138137417	7,615773105863909	7,280109889280518	0,0	5,0990195135927845	2,23606797749979	5,830951894845301	12,806248474865697	
2,9168647551780666	7,781548689046416	4,70468915019898	2,23606797749979	6,0	2,23606797749979	7,211102550927978	4,47213595499958	6,324555320336759	6,708203932499369	5,0990195135927845	0,0	3,0	2,0	9,486832980505138	
4,0383288622894495	6,985162847063767	2,4236542657730697	4,47213595499958	6,708203932499369	5,0990195135927845	6,082762530298219	7,280109889280518	6,082762530298219	6,0	2,23606797749979	3,0	0,0	3,605551275463989	10,816653826391969	
0,9317188417113825	6,055782360686354	4,211187480984432	1,0	4,0	2,23606797749979	5,656854249492381	5,656854249492381	4,47213595499958	5,0	5,830951894845301	2,0	3,605551275463989	0,0	7,615773105863909	
6,879542135927362	6,771447408050955	9,97968436374618	7,280109889280518	4,242640687119285	8,06225774829855	7,615773105863909	11,045361017187261	5,830951894845301	6,708203932499369	12,806248474865697	9,486832980505138	10,816653826391969	7,615773105863909	0,0	




-------------- EX 3 (pontos)
0,549963E-07  0,985808E-08
  -28,8733     -0,797739E-07
  -79,2916      -21,4033    
  -14,6577      -43,3896    
  -64,7473       21,8982    
  -29,0585      -43,2167    
  -72,0785      0,181581    
  -36,0366      -21,6135    
  -50,4808       7,37447    
  -50,5859      -21,5882    
 -0,135819      -28,7293    
  -65,0866      -36,0625    
  -21,4983       7,31942    
  -57,5687      -43,2506    
  -43,0700       14,5548 